3.35    8.38427e-39 
3.55    4.44042e-40
3.98107 2.54414e-41
5.01187 8.7006e-43
6.30957 8.52625e-44
7.94328 1.4746e-44
10      4.07996e-45
12.5893 1.55178e-45
15.8489 7.50018e-46
19.9526 4.46988e-46
25.1189 3.1562e-46
31.6228 2.63042e-46
39.8107 2.47419e-46
50.1187 2.53627e-46
63.0957 2.77237e-46
79.4328 3.15899e-46
100     3.72128e-46
125.893 4.44757e-46
158.489 5.2934e-46
199.526 6.33737e-46
251.189 7.86867e-46
316.228 9.75719e-46
398.107 1.20958e-45
501.187 1.52723e-45
630.957 1.96854e-45
794.328 2.5465e-45
1000    3.41688e-45
